
>> experiments_local_opt

n =  10
m =  5
d =  6

x_training =

   4   2   5   7   6
   8   4   1   1   4
   6   4   8   6   1
   2   1   5   6   7
   7   4   1   5   6
   7   4   6   7   5
   6   1   6   3   8
   6   4   3   1   4
   2   5   3   1   7
   8   8   8   8   5

p_true =

  -0.42684
  -1.50114
  -2.51864
  -2.13433
  -1.24926
  -1.97404

y_training =

  -42.696
  -33.744
  -46.017
  -37.586
  -40.899
  -52.422
  -43.995
  -34.899
  -36.964
  -69.062

x_decoy =

   5   7   5   5   4
   6   2   7   5   2
   3   5   6   5   7
   4   3   4   5   3
   4   7   1   1   6
   8   6   7   6   8
   4   5   7   4   5
   1   8   5   4   3
   1   6   5   1   4
   5   3   2   6   2

y_decoy =

   5
   5
   6
   5
   5
   1
   8
   6
   2
   7

e =

   55.016
   44.686
   55.890
   39.616
   43.768
   66.317
   56.464
   49.163
   38.377
   38.253

J =

   1   4   2   5   7   6
   1   8   4   1   1   4
   1   6   4   8   6   1
   1   2   1   5   6   7
   1   7   4   1   5   6
   1   7   4   6   7   5
   1   6   1   6   3   8
   1   6   4   3   1   4
   1   2   5   3   1   7
   1   8   8   8   8   5

rank condition OK; constructing the norm
re-fitting
comparing the results: [original | newly fitted]
  -0.57104  -0.56936
  -1.53456  -1.53402
  -2.45770  -2.45657
  -2.12341  -2.12261
  -1.26093  -1.25992
  -1.91170  -1.91082