n =    10
m =     5
d =     6
x_training =

            4            7            1            1            7
            2            6            7            8            3
            2            7            1            6            2
            8            4            7            8            6
            5            2            7            1            4
            6            2            2            3            6
            5            6            6            5            4
            4            2            6            5            4
            6            6            2            2            1
            5            5            6            8            2

p_true =

      -0.2495
       1.3693
     -0.44601
       1.4666
      0.23872
       2.2821

y_training =

        19.87
       19.062
       7.2251
       35.334
       25.984
       24.446
        23.07
       23.515
       11.426
       19.724

p =

    -0.052875
       1.4036
     -0.43099
       1.4974
      0.20758
       2.2399

x_decoy =

            2            6            3            6            5
            8            6            8            1            6
            6            4            4            2            5
            6            4            8            5            4
            5            8            7            2            8
            4            3            6            3            8
            7            2            2            2            7
            8            6            2            6            1
            2            3            1            1            5
            4            8            2            8            8

y_decoy =

            6
            5
            6
            2
            6
            7
            1
            5
            5
            3

e =

      -11.106
      -29.217
      -18.249
      -26.622
      -26.334
      -24.795
          -27
      -10.071
       -9.366
      -21.688

J =

            1            4            7            1            1            7
            1            2            6            7            8            3
            1            2            7            1            6            2
            1            8            4            7            8            6
            1            5            2            7            1            4
            1            6            2            2            3            6
            1            5            6            6            5            4
            1            4            2            6            5            4
            1            6            6            2            2            1
            1            5            5            6            8            2

rank condition OK; constructing the norm
B =

  -0.42547   0.84418  -0.09733  -0.14198  -0.14045  -0.13224  -0.14400  -0.05371  -0.04995  -0.11567
  -0.26576  -0.09733   0.93921  -0.08869  -0.08773  -0.08260  -0.08995  -0.03355  -0.03120  -0.07225
  -0.38768  -0.14198  -0.08869   0.87063  -0.12797  -0.12050  -0.13121  -0.04894  -0.04552  -0.10540
  -0.38348  -0.14045  -0.08773  -0.12797   0.87341  -0.11919  -0.12979  -0.04841  -0.04502  -0.10426
  -0.36108  -0.13224  -0.08260  -0.12050  -0.11919   0.88777  -0.12221  -0.04558  -0.04239  -0.09817
  -0.39319  -0.14400  -0.08995  -0.13121  -0.12979  -0.12221   0.86693  -0.04963  -0.04616  -0.10690
  -0.14665  -0.05371  -0.03355  -0.04894  -0.04841  -0.04558  -0.04963   0.98149  -0.01722  -0.03987
  -0.13639  -0.04995  -0.03120  -0.04552  -0.04502  -0.04239  -0.04616  -0.01722   0.98399  -0.03708
  -0.31584  -0.11567  -0.07225  -0.10540  -0.10426  -0.09817  -0.10690  -0.03987  -0.03708   0.91413
w1 =

     0.049672
      0.14361
     0.089701
      0.13085
      0.12944
      0.12188
      0.13271
     0.049499
     0.046036
       0.1066

re-fitting
rand_mul = 0.6817
p2 =

    -0.056922
       1.4048
     -0.43146
       1.4978
      0.20786
       2.2417

comparing the results: [original | newly fitted]
    -0.052875    -0.056922
       1.4036       1.4048
     -0.43099     -0.43146
       1.4974       1.4978
      0.20758      0.20786
       2.2399       2.2417
y_training, y_training_rec_orig, y_training_rec_fit
        19.87       19.929       19.939
       19.062       19.031       19.037
       7.2251       6.9602       6.9607
       35.334       35.034       35.053
       25.984       25.752       25.763
       24.446       24.564       24.578
        23.07       23.361       23.371
       23.515       23.682       23.692
       11.426       11.433       11.436
       19.724       19.935       19.943
y_decoy, y_decoy_rec_orig, y_decoy_rec_fit
            6       17.106       17.113
            5       34.217       34.233
            6       24.249       24.261
            2       28.622       28.634
            6       32.334       32.349
            7       31.795       31.812
            1           28       28.016
            5       15.071       15.077
            5       14.366       14.372
            3       24.688       24.702